%YAML:1.0
outlines:
   -
      -
         x: 235.
         y: 230.
      -
         x: 277.
         y: 227.
      -
         x: 279.
         y: 226.
      -
         x: 280.
         y: 226.
      -
         x: 283.
         y: 214.
      -
         x: 281.
         y: 209.
      -
         x: 273.
         y: 203.
      -
         x: 266.
         y: 195.
      -
         x: 263.
         y: 184.
      -
         x: 247.
         y: 180.
      -
         x: 238.
         y: 181.
      -
         x: 237.
         y: 185.
      -
         x: 232.
         y: 189.
      -
         x: 229.
         y: 194.
      -
         x: 225.
         y: 196.
      -
         x: 212.
         y: 203.
      -
         x: 210.
         y: 209.
      -
         x: 209.
         y: 218.
      -
         x: 212.
         y: 226.
      -
         x: 218.
         y: 228.
      -
         x: 222.
         y: 230.
      -
         x: 223.
         y: 230.
      -
         x: 223.
         y: 230.
keypoints:
   -
      angle: 1.0002310943603516e+02
      class_id: -1
      octave: 1
      x: 2.5116233825683594e+02
      y: 1.8850608825683594e+02
      response: 7.9042675781250000e+02
      size: 12.
   -
      angle: 3.9816604614257812e+01
      class_id: -1
      octave: 1
      x: 2.6105636596679688e+02
      y: 2.2050267028808594e+02
      response: 4.0041986083984375e+02
      size: 15.
   -
      angle: 3.7830665588378906e+01
      class_id: -1
      octave: 1
      x: 2.6159124755859375e+02
      y: 2.2170106506347656e+02
      response: 4.3696798706054688e+02
      size: 15.
   -
      angle: 8.5319656372070312e+01
      class_id: -1
      octave: 1
      x: 2.2756933593750000e+02
      y: 2.2505830383300781e+02
      response: 8.1896044921875000e+02
      size: 16.
   -
      angle: 2.7687045288085938e+02
      class_id: -1
      octave: 1
      x: 2.4490296936035156e+02
      y: 1.8257760620117188e+02
      response: 6.6041137695312500e+03
      size: 20.
   -
      angle: 2.4349700927734375e+02
      class_id: -1
      octave: 1
      x: 2.6906661987304688e+02
      y: 2.0076596069335938e+02
      response: 2.9983032226562500e+03
      size: 22.
   -
      angle: 3.0941970348358154e+00
      class_id: -1
      octave: 1
      x: 2.1115171813964844e+02
      y: 2.1525503540039062e+02
      response: 2.2963745117187500e+03
      size: 21.
   -
      angle: 3.3983386993408203e+01
      class_id: -1
      octave: 1
      x: 2.2281040954589844e+02
      y: 2.1485237121582031e+02
      response: 7.5433288574218750e+02
      size: 23.
   -
      angle: 1.5645268249511719e+02
      class_id: -1
      octave: 1
      x: 2.7243270874023438e+02
      y: 2.1687249755859375e+02
      response: 2.8171379394531250e+03
      size: 22.
   -
      angle: 3.8138118743896484e+01
      class_id: -1
      octave: 1
      x: 2.2551527404785156e+02
      y: 2.2381629943847656e+02
      response: 9.5307427978515625e+02
      size: 20.
   -
      angle: 1.1678472900390625e+02
      class_id: -1
      octave: 1
      x: 2.5424137878417969e+02
      y: 2.2376367187500000e+02
      response: 5.8297003173828125e+02
      size: 20.
   -
      angle: 1.4637025451660156e+02
      class_id: -1
      octave: 1
      x: 2.5664562988281250e+02
      y: 2.1531585693359375e+02
      response: 8.8601812744140625e+02
      size: 28.
   -
      angle: 7.6085472106933594e+01
      class_id: -1
      octave: 1
      x: 2.3937940979003906e+02
      y: 2.1580053710937500e+02
      response: 3.0343134765625000e+03
      size: 29.
   -
      angle: 3.1743252563476562e+02
      class_id: -1
      octave: 2
      x: 2.1115884399414062e+02
      y: 2.0919189453125000e+02
      response: 9.0386230468750000e+02
      size: 36.
   -
      angle: 1.6013996887207031e+02
      class_id: -1
      octave: 1
      x: 2.7379656982421875e+02
      y: 2.1342105102539062e+02
      response: 1.6274454345703125e+03
      size: 33.
   -
      angle: 4.0329784393310547e+01
      class_id: -1
      octave: 1
      x: 2.2319018554687500e+02
      y: 2.1636224365234375e+02
      response: 4.7977053833007812e+02
      size: 28.
   -
      angle: 9.3253730773925781e+01
      class_id: -1
      octave: 2
      x: 2.3927027893066406e+02
      y: 2.1543919372558594e+02
      response: 3.2740246582031250e+03
      size: 35.
   -
      angle: 1.3103070068359375e+02
      class_id: -1
      octave: 1
      x: 2.5725146484375000e+02
      y: 2.1622117614746094e+02
      response: 8.8717675781250000e+02
      size: 30.
   -
      angle: 2.1557293701171875e+02
      class_id: -1
      octave: 1
      x: 2.7184732055664062e+02
      y: 2.0789866638183594e+02
      response: 2.5453662109375000e+03
      size: 46.
   -
      angle: 3.3688735961914062e+02
      class_id: -1
      octave: 2
      x: 2.4296012878417969e+02
      y: 2.0793040466308594e+02
      response: 2.9492875976562500e+03
      size: 103.
