%YAML:1.0
outlines:
   -
      -
         x: 280.
         y: 219.
      -
         x: 256.
         y: 221.
      -
         x: 250.
         y: 221.
      -
         x: 248.
         y: 219.
      -
         x: 247.
         y: 218.
      -
         x: 248.
         y: 218.
      -
         x: 254.
         y: 218.
      -
         x: 255.
         y: 218.
      -
         x: 254.
         y: 218.
      -
         x: 247.
         y: 218.
      -
         x: 246.
         y: 219.
      -
         x: 246.
         y: 226.
      -
         x: 248.
         y: 228.
      -
         x: 248.
         y: 230.
      -
         x: 248.
         y: 233.
      -
         x: 249.
         y: 235.
      -
         x: 254.
         y: 237.
      -
         x: 261.
         y: 237.
      -
         x: 279.
         y: 238.
      -
         x: 294.
         y: 237.
      -
         x: 295.
         y: 237.
      -
         x: 302.
         y: 237.
      -
         x: 313.
         y: 237.
      -
         x: 328.
         y: 240.
      -
         x: 333.
         y: 240.
      -
         x: 342.
         y: 238.
      -
         x: 347.
         y: 237.
      -
         x: 360.
         y: 236.
      -
         x: 363.
         y: 236.
      -
         x: 374.
         y: 236.
      -
         x: 374.
         y: 236.
      -
         x: 379.
         y: 234.
      -
         x: 381.
         y: 232.
      -
         x: 381.
         y: 230.
      -
         x: 381.
         y: 225.
      -
         x: 377.
         y: 222.
      -
         x: 368.
         y: 222.
      -
         x: 366.
         y: 222.
      -
         x: 337.
         y: 218.
      -
         x: 321.
         y: 218.
      -
         x: 298.
         y: 218.
      -
         x: 296.
         y: 218.
      -
         x: 290.
         y: 218.
      -
         x: 289.
         y: 218.
      -
         x: 288.
         y: 218.
      -
         x: 277.
         y: 218.
      -
         x: 265.
         y: 218.
      -
         x: 262.
         y: 218.
      -
         x: 258.
         y: 217.
      -
         x: 257.
         y: 217.
      -
         x: 254.
         y: 216.
      -
         x: 251.
         y: 216.
      -
         x: 249.
         y: 216.
      -
         x: 247.
         y: 217.
      -
         x: 245.
         y: 218.
      -
         x: 245.
         y: 221.
      -
         x: 246.
         y: 223.
      -
         x: 246.
         y: 225.
      -
         x: 246.
         y: 227.
      -
         x: 246.
         y: 228.
      -
         x: 246.
         y: 228.
keypoints:
   -
      angle: 2.5992855834960938e+02
      class_id: -1
      octave: 1
      x: 2.5028341674804688e+02
      y: 2.1934611511230469e+02
      response: 9.2939638671875000e+03
      size: 16.
   -
      angle: 2.6373101806640625e+02
      class_id: -1
      octave: 1
      x: 3.0683511352539062e+02
      y: 2.1989244079589844e+02
      response: 1.4704639648437500e+04
      size: 16.
   -
      angle: 1.7782017517089844e+02
      class_id: -1
      octave: 1
      x: 3.1347570800781250e+02
      y: 2.2480201721191406e+02
      response: 5.4575019531250000e+03
      size: 16.
   -
      angle: 1.6981407165527344e+02
      class_id: -1
      octave: 1
      x: 3.1380130004882812e+02
      y: 2.3517254638671875e+02
      response: 5.5692934570312500e+03
      size: 14.
   -
      angle: 8.9717590332031250e+01
      class_id: -1
      octave: 1
      x: 2.7154800415039062e+02
      y: 2.3607157897949219e+02
      response: 6.4998455810546875e+02
      size: 15.
   -
      angle: 2.6805206298828125e+02
      class_id: -1
      octave: 1
      x: 3.4499719238281250e+02
      y: 2.3599783325195312e+02
      response: 4.2056469726562500e+02
      size: 15.
   -
      angle: 2.6997747802734375e+02
      class_id: -1
      octave: 1
      x: 2.6888052368164062e+02
      y: 2.1893621826171875e+02
      response: 6.3671569824218750e+02
      size: 22.
   -
      angle: 1.8357734680175781e+02
      class_id: -1
      octave: 1
      x: 3.1597253417968750e+02
      y: 2.2246363830566406e+02
      response: 5.3250327148437500e+03
      size: 21.
   -
      angle: 7.5731094360351562e+01
      class_id: -1
      octave: 1
      x: 2.5156634521484375e+02
      y: 2.3249159240722656e+02
      response: 1.2114619140625000e+04
      size: 23.
   -
      angle: 1.7079066467285156e+02
      class_id: -1
      octave: 1
      x: 3.0474343872070312e+02
      y: 2.3330593872070312e+02
      response: 1.5863934570312500e+04
      size: 23.
   -
      angle: 8.8548675537109375e+01
      class_id: -1
      octave: 1
      x: 2.6957791137695312e+02
      y: 2.3396885681152344e+02
      response: 6.6884942626953125e+02
      size: 28.
   -
      angle: 1.6581433105468750e+02
      class_id: -1
      octave: 1
      x: 3.1962509155273438e+02
      y: 2.3584931945800781e+02
      response: 1.5845172119140625e+03
      size: 27.
   -
      angle: 1.7965701293945312e+02
      class_id: -1
      octave: 2
      x: 3.2055468750000000e+02
      y: 2.2365298461914062e+02
      response: 4.4763886718750000e+03
      size: 35.
   -
      angle: 1.8218734741210938e+02
      class_id: -1
      octave: 1
      x: 3.1880639648437500e+02
      y: 2.2369613647460938e+02
      response: 4.3877426757812500e+03
      size: 29.
   -
      angle: 1.6916093444824219e+02
      class_id: -1
      octave: 1
      x: 3.2118420410156250e+02
      y: 2.3655592346191406e+02
      response: 9.2523455810546875e+02
      size: 28.
   -
      angle: 7.6998985290527344e+01
      class_id: -1
      octave: 1
      x: 2.5512088012695312e+02
      y: 2.2684875488281250e+02
      response: 2.0152160156250000e+04
      size: 45.
   -
      angle: 9.8251792907714844e+01
      class_id: -1
      octave: 1
      x: 3.0126635742187500e+02
      y: 2.2753977966308594e+02
      response: 2.7561078125000000e+04
      size: 46.
   -
      angle: 1.7802096557617188e+02
      class_id: -1
      octave: 2
      x: 3.2560028076171875e+02
      y: 2.2791371154785156e+02
      response: 6.4517065429687500e+03
      size: 58.
   -
      angle: 7.3577514648437500e+01
      class_id: -1
      octave: 1
      x: 3.7597100830078125e+02
      y: 2.2789700317382812e+02
      response: 2.2049340820312500e+03
      size: 57.
   -
      angle: 1.7649502563476562e+02
      class_id: -1
      octave: 2
      x: 3.2817166137695312e+02
      y: 2.2793115234375000e+02
      response: 6.7053012695312500e+03
      size: 65.
   -
      angle: 1.7562953186035156e+02
      class_id: -1
      octave: 2
      x: 3.2742568969726562e+02
      y: 2.2813941955566406e+02
      response: 5.5520048828125000e+03
      size: 67.
   -
      angle: 7.8680389404296875e+01
      class_id: -1
      octave: 2
      x: 3.6864056396484375e+02
      y: 2.2743614196777344e+02
      response: 1.9741749267578125e+03
      size: 86.
   -
      angle: 1.7500994873046875e+02
      class_id: -1
      octave: 2
      x: 3.3318295288085938e+02
      y: 2.2746299743652344e+02
      response: 5.5263745117187500e+03
      size: 85.
