%YAML:1.0
outlines:
   -
      -
         x: 284.
         y: 219.
      -
         x: 281.
         y: 220.
      -
         x: 274.
         y: 223.
      -
         x: 272.
         y: 227.
      -
         x: 270.
         y: 230.
      -
         x: 266.
         y: 231.
      -
         x: 263.
         y: 232.
      -
         x: 261.
         y: 234.
      -
         x: 260.
         y: 235.
      -
         x: 256.
         y: 237.
      -
         x: 253.
         y: 240.
      -
         x: 250.
         y: 243.
      -
         x: 247.
         y: 244.
      -
         x: 246.
         y: 245.
      -
         x: 245.
         y: 248.
      -
         x: 244.
         y: 249.
      -
         x: 245.
         y: 250.
      -
         x: 246.
         y: 251.
      -
         x: 248.
         y: 252.
      -
         x: 249.
         y: 253.
      -
         x: 248.
         y: 254.
      -
         x: 248.
         y: 255.
      -
         x: 247.
         y: 255.
      -
         x: 246.
         y: 257.
      -
         x: 247.
         y: 260.
      -
         x: 250.
         y: 260.
      -
         x: 252.
         y: 260.
      -
         x: 254.
         y: 262.
      -
         x: 257.
         y: 263.
      -
         x: 259.
         y: 263.
      -
         x: 261.
         y: 264.
      -
         x: 262.
         y: 266.
      -
         x: 268.
         y: 266.
      -
         x: 273.
         y: 267.
      -
         x: 278.
         y: 268.
      -
         x: 279.
         y: 268.
      -
         x: 282.
         y: 271.
      -
         x: 289.
         y: 272.
      -
         x: 295.
         y: 276.
      -
         x: 299.
         y: 277.
      -
         x: 301.
         y: 277.
      -
         x: 303.
         y: 279.
      -
         x: 305.
         y: 280.
      -
         x: 307.
         y: 280.
      -
         x: 308.
         y: 281.
      -
         x: 310.
         y: 281.
      -
         x: 311.
         y: 278.
      -
         x: 308.
         y: 277.
      -
         x: 308.
         y: 276.
      -
         x: 308.
         y: 273.
      -
         x: 307.
         y: 272.
      -
         x: 307.
         y: 270.
      -
         x: 308.
         y: 267.
      -
         x: 308.
         y: 266.
      -
         x: 308.
         y: 264.
      -
         x: 308.
         y: 258.
      -
         x: 309.
         y: 248.
      -
         x: 309.
         y: 247.
      -
         x: 306.
         y: 241.
      -
         x: 306.
         y: 238.
      -
         x: 305.
         y: 225.
      -
         x: 305.
         y: 224.
      -
         x: 303.
         y: 222.
      -
         x: 301.
         y: 218.
      -
         x: 301.
         y: 217.
      -
         x: 300.
         y: 213.
      -
         x: 300.
         y: 211.
      -
         x: 298.
         y: 210.
      -
         x: 297.
         y: 209.
      -
         x: 296.
         y: 207.
      -
         x: 293.
         y: 207.
      -
         x: 290.
         y: 206.
      -
         x: 290.
         y: 201.
      -
         x: 290.
         y: 198.
      -
         x: 291.
         y: 196.
      -
         x: 291.
         y: 195.
      -
         x: 291.
         y: 194.
      -
         x: 293.
         y: 192.
      -
         x: 296.
         y: 189.
      -
         x: 297.
         y: 189.
      -
         x: 300.
         y: 189.
      -
         x: 301.
         y: 191.
      -
         x: 303.
         y: 195.
      -
         x: 307.
         y: 196.
      -
         x: 310.
         y: 197.
      -
         x: 311.
         y: 197.
      -
         x: 311.
         y: 198.
      -
         x: 311.
         y: 204.
      -
         x: 311.
         y: 205.
      -
         x: 311.
         y: 207.
      -
         x: 311.
         y: 210.
      -
         x: 311.
         y: 212.
      -
         x: 311.
         y: 215.
      -
         x: 311.
         y: 227.
      -
         x: 311.
         y: 231.
      -
         x: 311.
         y: 235.
      -
         x: 313.
         y: 239.
      -
         x: 313.
         y: 241.
      -
         x: 313.
         y: 253.
      -
         x: 313.
         y: 255.
      -
         x: 313.
         y: 259.
      -
         x: 315.
         y: 262.
      -
         x: 316.
         y: 263.
      -
         x: 316.
         y: 265.
      -
         x: 317.
         y: 265.
      -
         x: 319.
         y: 270.
      -
         x: 321.
         y: 274.
      -
         x: 320.
         y: 276.
      -
         x: 320.
         y: 280.
      -
         x: 320.
         y: 281.
      -
         x: 320.
         y: 284.
      -
         x: 320.
         y: 286.
      -
         x: 318.
         y: 290.
      -
         x: 317.
         y: 292.
      -
         x: 316.
         y: 292.
      -
         x: 312.
         y: 292.
      -
         x: 308.
         y: 292.
      -
         x: 306.
         y: 291.
      -
         x: 304.
         y: 288.
      -
         x: 302.
         y: 283.
      -
         x: 286.
         y: 283.
      -
         x: 282.
         y: 281.
      -
         x: 280.
         y: 279.
      -
         x: 277.
         y: 276.
      -
         x: 276.
         y: 275.
      -
         x: 266.
         y: 272.
      -
         x: 264.
         y: 271.
      -
         x: 258.
         y: 270.
      -
         x: 256.
         y: 270.
      -
         x: 247.
         y: 264.
      -
         x: 243.
         y: 263.
      -
         x: 239.
         y: 262.
      -
         x: 237.
         y: 262.
      -
         x: 234.
         y: 262.
      -
         x: 234.
         y: 261.
      -
         x: 231.
         y: 260.
      -
         x: 228.
         y: 260.
      -
         x: 225.
         y: 260.
      -
         x: 222.
         y: 260.
      -
         x: 220.
         y: 259.
      -
         x: 220.
         y: 256.
      -
         x: 220.
         y: 253.
      -
         x: 222.
         y: 251.
      -
         x: 226.
         y: 250.
      -
         x: 231.
         y: 250.
      -
         x: 236.
         y: 249.
      -
         x: 239.
         y: 249.
      -
         x: 241.
         y: 246.
      -
         x: 241.
         y: 246.
      -
         x: 241.
         y: 245.
      -
         x: 246.
         y: 238.
      -
         x: 247.
         y: 237.
      -
         x: 249.
         y: 237.
      -
         x: 255.
         y: 234.
      -
         x: 256.
         y: 234.
      -
         x: 262.
         y: 223.
      -
         x: 264.
         y: 222.
      -
         x: 267.
         y: 222.
      -
         x: 273.
         y: 219.
      -
         x: 276.
         y: 218.
      -
         x: 277.
         y: 215.
      -
         x: 284.
         y: 212.
      -
         x: 285.
         y: 210.
      -
         x: 285.
         y: 209.
      -
         x: 287.
         y: 208.
      -
         x: 288.
         y: 208.
      -
         x: 288.
         y: 207.
      -
         x: 288.
         y: 207.
