%YAML:1.0
outlines:
   -
      -
         x: 403.
         y: 183.
      -
         x: 403.
         y: 182.
      -
         x: 404.
         y: 177.
      -
         x: 404.
         y: 175.
      -
         x: 404.
         y: 173.
      -
         x: 402.
         y: 172.
      -
         x: 398.
         y: 172.
      -
         x: 394.
         y: 172.
      -
         x: 389.
         y: 172.
      -
         x: 369.
         y: 175.
      -
         x: 354.
         y: 176.
      -
         x: 322.
         y: 176.
      -
         x: 313.
         y: 177.
      -
         x: 306.
         y: 177.
      -
         x: 299.
         y: 177.
      -
         x: 294.
         y: 177.
      -
         x: 284.
         y: 176.
      -
         x: 280.
         y: 175.
      -
         x: 279.
         y: 174.
      -
         x: 277.
         y: 174.
      -
         x: 273.
         y: 173.
      -
         x: 268.
         y: 173.
      -
         x: 267.
         y: 173.
      -
         x: 259.
         y: 173.
      -
         x: 232.
         y: 171.
      -
         x: 213.
         y: 173.
      -
         x: 211.
         y: 174.
      -
         x: 205.
         y: 174.
      -
         x: 202.
         y: 174.
      -
         x: 202.
         y: 175.
      -
         x: 202.
         y: 180.
      -
         x: 203.
         y: 185.
      -
         x: 205.
         y: 189.
      -
         x: 206.
         y: 191.
      -
         x: 207.
         y: 209.
      -
         x: 207.
         y: 216.
      -
         x: 207.
         y: 224.
      -
         x: 205.
         y: 254.
      -
         x: 205.
         y: 255.
      -
         x: 207.
         y: 259.
      -
         x: 208.
         y: 262.
      -
         x: 209.
         y: 263.
      -
         x: 214.
         y: 269.
      -
         x: 238.
         y: 274.
      -
         x: 240.
         y: 275.
      -
         x: 252.
         y: 274.
      -
         x: 254.
         y: 274.
      -
         x: 258.
         y: 274.
      -
         x: 267.
         y: 274.
      -
         x: 268.
         y: 275.
      -
         x: 276.
         y: 278.
      -
         x: 277.
         y: 278.
      -
         x: 285.
         y: 278.
      -
         x: 296.
         y: 278.
      -
         x: 299.
         y: 278.
      -
         x: 304.
         y: 278.
      -
         x: 327.
         y: 275.
      -
         x: 331.
         y: 275.
      -
         x: 332.
         y: 276.
      -
         x: 331.
         y: 276.
      -
         x: 330.
         y: 276.
      -
         x: 330.
         y: 273.
      -
         x: 328.
         y: 271.
      -
         x: 325.
         y: 275.
      -
         x: 325.
         y: 279.
      -
         x: 325.
         y: 280.
      -
         x: 330.
         y: 280.
      -
         x: 334.
         y: 280.
      -
         x: 339.
         y: 280.
      -
         x: 364.
         y: 280.
      -
         x: 366.
         y: 280.
      -
         x: 371.
         y: 280.
      -
         x: 373.
         y: 280.
      -
         x: 375.
         y: 280.
      -
         x: 378.
         y: 280.
      -
         x: 386.
         y: 278.
      -
         x: 393.
         y: 269.
      -
         x: 393.
         y: 268.
      -
         x: 395.
         y: 267.
      -
         x: 396.
         y: 266.
      -
         x: 396.
         y: 265.
      -
         x: 396.
         y: 263.
      -
         x: 397.
         y: 260.
      -
         x: 397.
         y: 248.
      -
         x: 397.
         y: 248.
keypoints:
   -
      angle: 2.7077157592773438e+02
      class_id: -1
      octave: 1
      x: 2.6296652221679688e+02
      y: 1.7516146850585938e+02
      response: 1.1334403076171875e+03
      size: 15.
   -
      angle: 2.6946392822265625e+02
      class_id: -1
      octave: 1
      x: 2.7313415527343750e+02
      y: 1.7494726562500000e+02
      response: 4.7840438842773438e+02
      size: 16.
   -
      angle: 2.6956875610351562e+02
      class_id: -1
      octave: 1
      x: 2.7490792846679688e+02
      y: 1.7510232543945312e+02
      response: 5.6987890625000000e+02
      size: 16.
   -
      angle: 2.5972552490234375e+02
      class_id: -1
      octave: 1
      x: 4.0058584594726562e+02
      y: 1.7470243835449219e+02
      response: 3.1050319824218750e+03
      size: 15.
   -
      angle: 2.7625033569335938e+02
      class_id: -1
      octave: 1
      x: 2.0728152465820312e+02
      y: 1.7642343139648438e+02
      response: 1.1099947265625000e+04
      size: 16.
   -
      angle: 2.6909082031250000e+02
      class_id: -1
      octave: 1
      x: 2.1897433471679688e+02
      y: 1.7563755798339844e+02
      response: 4.2935076904296875e+02
      size: 15.
   -
      angle: 2.5883188247680664e+00
      class_id: -1
      octave: 1
      x: 2.0883311462402344e+02
      y: 2.5798587036132812e+02
      response: 5.4062475585937500e+02
      size: 15.
   -
      angle: 1.7996633911132812e+02
      class_id: -1
      octave: 1
      x: 2.8806909179687500e+02
      y: 2.6210806274414062e+02
      response: 8.7368634033203125e+02
      size: 14.
   -
      angle: 9.8106346130371094e+01
      class_id: -1
      octave: 1
      x: 2.7689456176757812e+02
      y: 2.7525817871093750e+02
      response: 2.2439851074218750e+03
      size: 16.
   -
      angle: 8.0942169189453125e+01
      class_id: -1
      octave: 1
      x: 2.9742257690429688e+02
      y: 2.7498239135742188e+02
      response: 2.3316442871093750e+03
      size: 17.
   -
      angle: 8.9590049743652344e+01
      class_id: -1
      octave: 1
      x: 3.2596594238281250e+02
      y: 2.7576690673828125e+02
      response: 4.5061376953125000e+02
      size: 16.
   -
      angle: 9.0191131591796875e+01
      class_id: -1
      octave: 1
      x: 3.7375238037109375e+02
      y: 2.7578958129882812e+02
      response: 5.6746203613281250e+02
      size: 15.
   -
      angle: 3.4958428955078125e+02
      class_id: -1
      octave: 1
      x: 2.0848924255371094e+02
      y: 1.7810934448242188e+02
      response: 1.0487056640625000e+04
      size: 23.
   -
      angle: 1.8052563476562500e+02
      class_id: -1
      octave: 1
      x: 3.9029711914062500e+02
      y: 1.8615911865234375e+02
      response: 7.5977813720703125e+02
      size: 22.
   -
      angle: 1.7070014953613281e+02
      class_id: -1
      octave: 1
      x: 2.8820468139648438e+02
      y: 2.5940322875976562e+02
      response: 9.1760913085937500e+02
      size: 21.
   -
      angle: 2.6944488525390625e+02
      class_id: -1
      octave: 1
      x: 2.4672592163085938e+02
      y: 1.7728654479980469e+02
      response: 5.7628387451171875e+02
      size: 28.
   -
      angle: 1.2071318626403809e+00
      class_id: -1
      octave: 1
      x: 2.0913902282714844e+02
      y: 2.1611218261718750e+02
      response: 1.3440168457031250e+03
      size: 27.
   -
      angle: 1.6788784790039062e+02
      class_id: -1
      octave: 1
      x: 2.8762246704101562e+02
      y: 2.5553350830078125e+02
      response: 1.1405831298828125e+03
      size: 27.
   -
      angle: 6.6913342475891113e-01
      class_id: -1
      octave: 2
      x: 2.1025440979003906e+02
      y: 2.1250479125976562e+02
      response: 9.3776672363281250e+02
      size: 34.
   -
      angle: 2.6945712280273438e+02
      class_id: -1
      octave: 1
      x: 2.4549693298339844e+02
      y: 1.7776625061035156e+02
      response: 4.6516583251953125e+02
      size: 30.
   -
      angle: 2.7771334838867188e+02
      class_id: -1
      octave: 2
      x: 2.1092326354980469e+02
      y: 1.8037013244628906e+02
      response: 9.5257177734375000e+03
      size: 34.
   -
      angle: 9.6369981765747070e-01
      class_id: -1
      octave: 1
      x: 2.0946211242675781e+02
      y: 2.1600584411621094e+02
      response: 9.2882543945312500e+02
      size: 29.
   -
      angle: 1.6458485412597656e+02
      class_id: -1
      octave: 1
