%YAML:1.0
outlines:
   -
      -
         x: 415.
         y: 232.
      -
         x: 415.
         y: 230.
      -
         x: 411.
         y: 229.
      -
         x: 399.
         y: 230.
      -
         x: 393.
         y: 230.
      -
         x: 381.
         y: 231.
      -
         x: 369.
         y: 230.
      -
         x: 365.
         y: 230.
      -
         x: 359.
         y: 229.
      -
         x: 348.
         y: 229.
      -
         x: 347.
         y: 229.
      -
         x: 334.
         y: 228.
      -
         x: 325.
         y: 227.
      -
         x: 319.
         y: 228.
      -
         x: 315.
         y: 228.
      -
         x: 314.
         y: 228.
      -
         x: 308.
         y: 229.
      -
         x: 305.
         y: 230.
      -
         x: 297.
         y: 230.
      -
         x: 289.
         y: 229.
      -
         x: 288.
         y: 229.
      -
         x: 274.
         y: 229.
      -
         x: 267.
         y: 229.
      -
         x: 265.
         y: 230.
      -
         x: 263.
         y: 230.
      -
         x: 260.
         y: 230.
      -
         x: 257.
         y: 230.
      -
         x: 255.
         y: 229.
      -
         x: 246.
         y: 229.
      -
         x: 244.
         y: 229.
      -
         x: 218.
         y: 230.
      -
         x: 213.
         y: 230.
      -
         x: 206.
         y: 230.
      -
         x: 196.
         y: 230.
      -
         x: 192.
         y: 230.
      -
         x: 186.
         y: 231.
      -
         x: 182.
         y: 231.
      -
         x: 180.
         y: 231.
      -
         x: 178.
         y: 232.
      -
         x: 176.
         y: 235.
      -
         x: 175.
         y: 239.
      -
         x: 174.
         y: 244.
      -
         x: 174.
         y: 245.
      -
         x: 175.
         y: 246.
      -
         x: 177.
         y: 249.
      -
         x: 180.
         y: 249.
      -
         x: 181.
         y: 249.
      -
         x: 191.
         y: 249.
      -
         x: 194.
         y: 250.
      -
         x: 220.
         y: 247.
      -
         x: 233.
         y: 247.
      -
         x: 235.
         y: 247.
      -
         x: 240.
         y: 247.
      -
         x: 252.
         y: 245.
      -
         x: 253.
         y: 245.
      -
         x: 274.
         y: 245.
      -
         x: 282.
         y: 247.
      -
         x: 284.
         y: 248.
      -
         x: 286.
         y: 249.
      -
         x: 299.
         y: 250.
      -
         x: 301.
         y: 250.
      -
         x: 307.
         y: 250.
      -
         x: 323.
         y: 250.
      -
         x: 331.
         y: 250.
      -
         x: 332.
         y: 250.
      -
         x: 339.
         y: 250.
      -
         x: 346.
         y: 250.
      -
         x: 348.
         y: 251.
      -
         x: 352.
         y: 252.
      -
         x: 355.
         y: 251.
      -
         x: 358.
         y: 249.
      -
         x: 362.
         y: 248.
      -
         x: 366.
         y: 248.
      -
         x: 367.
         y: 249.
      -
         x: 382.
         y: 249.
      -
         x: 382.
         y: 249.
      -
         x: 384.
         y: 250.
      -
         x: 399.
         y: 250.
      -
         x: 409.
         y: 250.
      -
         x: 410.
         y: 250.
      -
         x: 410.
         y: 250.
keypoints:
   -
      angle: 2.7493002319335938e+02
      class_id: -1
      octave: 1
      x: 3.2219168090820312e+02
      y: 2.3140333557128906e+02
      response: 6.7336425781250000e+03
      size: 17.
   -
      angle: 2.7242770385742188e+02
      class_id: -1
      octave: 1
      x: 3.3461837768554688e+02
      y: 2.3087638854980469e+02
      response: 2.4978161621093750e+03
      size: 16.
   -
      angle: 2.7076690673828125e+02
      class_id: -1
      octave: 1
      x: 2.0904856872558594e+02
      y: 2.3183853149414062e+02
      response: 1.0370433349609375e+03
      size: 15.
   -
      angle: 2.6964584350585938e+02
      class_id: -1
      octave: 1
      x: 2.1688929748535156e+02
      y: 2.3161622619628906e+02
      response: 7.6700018310546875e+02
      size: 16.
   -
      angle: 2.7018255615234375e+02
      class_id: -1
      octave: 1
      x: 2.5292283630371094e+02
      y: 2.3199723815917969e+02
      response: 7.0337304687500000e+02
      size: 15.
   -
      angle: 2.6861471557617188e+02
      class_id: -1
      octave: 1
      x: 3.8450588989257812e+02
      y: 2.3208036804199219e+02
      response: 9.0565875244140625e+02
      size: 14.
   -
      angle: 1.9090501403808594e+02
      class_id: -1
      octave: 1
      x: 4.1166885375976562e+02
      y: 2.3236112976074219e+02
      response: 6.0875410156250000e+03
      size: 16.
   -
      angle: 8.8151573181152344e+01
      class_id: -1
      octave: 1
      x: 3.1142623901367188e+02
      y: 2.4758430480957031e+02
      response: 4.5146786499023438e+02
      size: 13.
   -
      angle: 9.1317481994628906e+01
      class_id: -1
      octave: 1
      x: 3.8466024780273438e+02
      y: 2.4762124633789062e+02
      response: 5.3377117919921875e+02
      size: 13.
   -
      angle: 8.9426734924316406e+01
      class_id: -1
      octave: 1
      x: 3.3544683837890625e+02
      y: 2.4973336791992188e+02
      response: 1.1174135742187500e+03
      size: 14.
   -
      angle: 2.7048617553710938e+02
      class_id: -1
      octave: 1
      x: 3.5239367675781250e+02
      y: 2.3072898864746094e+02
      response: 4.5415744018554688e+02
      size: 22.
   -
      angle: 2.6358193969726562e+02
      class_id: -1
      octave: 1
      x: 3.7232019042968750e+02
      y: 2.3139572143554688e+02
      response: 6.7604199218750000e+03
      size: 21.
   -
      angle: 2.7190783691406250e+02
      class_id: -1
      octave: 1
      x: 3.3711087036132812e+02
      y: 2.3202189636230469e+02
      response: 2.3718088378906250e+03
      size: 21.
   -
      angle: 2.6930746459960938e+02
      class_id: -1
      octave: 1
      x: 3.9335739135742188e+02
      y: 2.3193586730957031e+02
      response: 6.5054284667968750e+02
      size: 21.
   -
      angle: 2.6839224243164062e+02
      class_id: -1
      octave: 1
      x: 3.8792968750000000e+02
      y: 2.3306755065917969e+02
      response: 8.3360284423828125e+02
      size: 21.
   -
      angle: 9.1885398864746094e+01
      class_id: -1
      octave: 1
      x: 3.8755111694335938e+02
      y: 2.4625424194335938e+02
      response: 6.6305114746093750e+02
      size: 19.
   -
      angle: 9.0273170471191406e+01
      class_id: -1
      octave: 1
      x: 2.9802087402343750e+02
      y: 2.4663543701171875e+02
      response: 7.0162384033203125e+02
      size: 21.
   -
      angle: 8.5576980590820312e+01
      class_id: -1
      octave: 1
      x: 3.2348898315429688e+02
      y: 2.4859788513183594e+02
      response: 2.8024865722656250e+03
      size: 21.
   -
      angle: 2.7006677246093750e+02
      class_id: -1
      octave: 1
      x: 3.5470156860351562e+02
      y: 2.3150366210937500e+02
      response: 4.7648855590820312e+02
      size: 27.
   -
      angle: 2.7124407958984375e+02
      class_id: -1
      octave: 1
      x: 1.9520942687988281e+02
      y: 2.3368702697753906e+02
      response: 9.1075585937500000e+02
      size: 28.
   -
      angle: 2.6986370849609375e+02
      class_id: -1
      octave: 1
      x: 2.1305451965332031e+02
      y: 2.3433955383300781e+02
      response: 1.0931865234375000e+03
      size: 27.
   -
      angle: 2.7012329101562500e+02
      class_id: -1
      octave: 1
      x: 2.1457528686523438e+02
      y: 2.3455348205566406e+02
      response: 9.4216424560546875e+02
      size: 28.
   -
      angle: 2.6961755371093750e+02
      class_id: -1
      octave: 1
      x: 2.5345187377929688e+02
      y: 2.3391401672363281e+02
      response: 6.3600109863281250e+02
      size: 27.
   -
      angle: 2.6948736572265625e+02
      class_id: -1
      octave: 1
