%YAML:1.0
outlines:
   -
      -
         x: 251.
         y: 211.
      -
         x: 252.
         y: 211.
      -
         x: 257.
         y: 210.
      -
         x: 263.
         y: 210.
      -
         x: 271.
         y: 210.
      -
         x: 275.
         y: 210.
      -
         x: 278.
         y: 211.
      -
         x: 281.
         y: 211.
      -
         x: 284.
         y: 211.
      -
         x: 287.
         y: 210.
      -
         x: 290.
         y: 210.
      -
         x: 292.
         y: 210.
      -
         x: 295.
         y: 209.
      -
         x: 297.
         y: 209.
      -
         x: 301.
         y: 208.
      -
         x: 307.
         y: 210.
      -
         x: 310.
         y: 212.
      -
         x: 311.
         y: 215.
      -
         x: 312.
         y: 220.
      -
         x: 314.
         y: 223.
      -
         x: 314.
         y: 225.
      -
         x: 315.
         y: 230.
      -
         x: 315.
         y: 232.
      -
         x: 314.
         y: 234.
      -
         x: 314.
         y: 238.
      -
         x: 314.
         y: 241.
      -
         x: 314.
         y: 244.
      -
         x: 314.
         y: 246.
      -
         x: 315.
         y: 248.
      -
         x: 315.
         y: 250.
      -
         x: 316.
         y: 254.
      -
         x: 316.
         y: 257.
      -
         x: 316.
         y: 261.
      -
         x: 316.
         y: 264.
      -
         x: 316.
         y: 267.
      -
         x: 316.
         y: 269.
      -
         x: 316.
         y: 270.
      -
         x: 308.
         y: 271.
      -
         x: 300.
         y: 271.
      -
         x: 286.
         y: 273.
      -
         x: 284.
         y: 273.
      -
         x: 261.
         y: 278.
      -
         x: 260.
         y: 273.
      -
         x: 257.
         y: 272.
      -
         x: 254.
         y: 271.
      -
         x: 252.
         y: 270.
      -
         x: 251.
         y: 266.
      -
         x: 251.
         y: 264.
      -
         x: 247.
         y: 258.
      -
         x: 247.
         y: 256.
      -
         x: 247.
         y: 250.
      -
         x: 250.
         y: 233.
      -
         x: 250.
         y: 232.
      -
         x: 250.
         y: 225.
      -
         x: 250.
         y: 224.
      -
         x: 249.
         y: 220.
      -
         x: 249.
         y: 219.
      -
         x: 249.
         y: 217.
      -
         x: 249.
         y: 215.
      -
         x: 249.
         y: 212.
      -
         x: 245.
         y: 211.
      -
         x: 242.
         y: 212.
      -
         x: 240.
         y: 215.
      -
         x: 236.
         y: 218.
      -
         x: 233.
         y: 227.
      -
         x: 234.
         y: 232.
      -
         x: 234.
         y: 235.
      -
         x: 234.
         y: 238.
      -
         x: 234.
         y: 252.
      -
         x: 234.
         y: 266.
      -
         x: 234.
         y: 269.
      -
         x: 233.
         y: 269.
      -
         x: 233.
         y: 276.
      -
         x: 234.
         y: 276.
      -
         x: 234.
         y: 282.
      -
         x: 234.
         y: 285.
      -
         x: 234.
         y: 287.
      -
         x: 235.
         y: 288.
      -
         x: 237.
         y: 289.
      -
         x: 241.
         y: 291.
      -
         x: 243.
         y: 291.
      -
         x: 270.
         y: 290.
      -
         x: 278.
         y: 290.
      -
         x: 278.
         y: 290.
      -
         x: 284.
         y: 290.
      -
         x: 294.
         y: 289.
      -
         x: 301.
         y: 289.
      -
         x: 310.
         y: 287.
      -
         x: 324.
         y: 285.
      -
         x: 326.
         y: 284.
      -
         x: 326.
         y: 281.
      -
         x: 327.
         y: 279.
      -
         x: 329.
         y: 273.
      -
         x: 329.
         y: 272.
      -
         x: 330.
         y: 262.
      -
         x: 330.
         y: 261.
      -
         x: 331.
         y: 256.
      -
         x: 333.
         y: 246.
      -
         x: 334.
         y: 235.
      -
         x: 336.
         y: 230.
      -
         x: 333.
         y: 216.
      -
         x: 332.
         y: 215.
      -
         x: 332.
         y: 210.
      -
         x: 332.
         y: 201.
      -
         x: 327.
         y: 193.
      -
         x: 327.
         y: 192.
      -
         x: 318.
         y: 187.
      -
         x: 314.
         y: 187.
      -
         x: 296.
         y: 188.
      -
         x: 287.
         y: 188.
      -
         x: 273.
         y: 188.
      -
         x: 272.
         y: 188.
      -
         x: 253.
         y: 191.
      -
         x: 248.
         y: 191.
      -
         x: 241.
         y: 192.
      -
         x: 233.
         y: 192.
      -
         x: 230.
         y: 192.
      -
         x: 228.
         y: 192.
      -
         x: 226.
         y: 193.
      -
         x: 225.
         y: 196.
      -
         x: 225.
         y: 198.
      -
         x: 227.
         y: 200.
      -
         x: 227.
         y: 201.
      -
         x: 229.
         y: 203.
      -
         x: 231.
         y: 204.
      -
         x: 232.
         y: 204.
      -
         x: 233.
         y: 205.
      -
         x: 234.
         y: 205.
      -
         x: 234.
         y: 205.
