%YAML:1.0
outlines:
   -
      -
         x: 347.
         y: 224.
      -
         x: 341.
         y: 221.
      -
         x: 338.
         y: 216.
      -
         x: 327.
         y: 211.
      -
         x: 326.
         y: 211.
      -
         x: 310.
         y: 210.
      -
         x: 307.
         y: 210.
      -
         x: 307.
         y: 211.
      -
         x: 275.
         y: 216.
      -
         x: 276.
         y: 216.
      -
         x: 273.
         y: 216.
      -
         x: 269.
         y: 216.
      -
         x: 267.
         y: 216.
      -
         x: 264.
         y: 217.
      -
         x: 261.
         y: 221.
      -
         x: 260.
         y: 222.
      -
         x: 259.
         y: 223.
      -
         x: 257.
         y: 224.
      -
         x: 257.
         y: 226.
      -
         x: 257.
         y: 230.
      -
         x: 257.
         y: 234.
      -
         x: 257.
         y: 241.
      -
         x: 257.
         y: 245.
      -
         x: 258.
         y: 248.
      -
         x: 259.
         y: 248.
      -
         x: 261.
         y: 253.
      -
         x: 263.
         y: 255.
      -
         x: 268.
         y: 257.
      -
         x: 273.
         y: 258.
      -
         x: 274.
         y: 258.
      -
         x: 278.
         y: 259.
      -
         x: 286.
         y: 260.
      -
         x: 288.
         y: 261.
      -
         x: 294.
         y: 261.
      -
         x: 310.
         y: 259.
      -
         x: 311.
         y: 259.
      -
         x: 318.
         y: 256.
      -
         x: 337.
         y: 255.
      -
         x: 338.
         y: 255.
      -
         x: 339.
         y: 255.
      -
         x: 353.
         y: 252.
      -
         x: 360.
         y: 250.
      -
         x: 373.
         y: 247.
      -
         x: 377.
         y: 245.
      -
         x: 378.
         y: 244.
      -
         x: 380.
         y: 242.
      -
         x: 380.
         y: 240.
      -
         x: 380.
         y: 238.
      -
         x: 380.
         y: 237.
      -
         x: 380.
         y: 237.
keypoints:
   -
      angle: 2.5133346557617188e+02
      class_id: -1
      octave: 1
      x: 3.3057852172851562e+02
      y: 2.1651744079589844e+02
      response: 5.4598510742187500e+02
      size: 13.
   -
      angle: 2.4798089599609375e+02
      class_id: -1
      octave: 1
      x: 3.3406771850585938e+02
      y: 2.1828161621093750e+02
      response: 5.5305523681640625e+02
      size: 13.
   -
      angle: 2.7485559082031250e+02
      class_id: -1
      octave: 1
      x: 2.9548754882812500e+02
      y: 2.1481427001953125e+02
      response: 1.1536876220703125e+03
      size: 24.
   -
      angle: 2.7929794311523438e+02
      class_id: -1
      octave: 1
      x: 2.7953283691406250e+02
      y: 2.1659275817871094e+02
      response: 8.1965924072265625e+02
      size: 21.
   -
      angle: 2.8544903564453125e+02
      class_id: -1
      octave: 1
      x: 2.7114926147460938e+02
      y: 2.1824400329589844e+02
      response: 9.0826287841796875e+02
      size: 19.
   -
      angle: 3.5278927612304688e+02
      class_id: -1
      octave: 1
      x: 2.6040036010742188e+02
      y: 2.2324215698242188e+02
      response: 1.0133620117187500e+04
      size: 22.
   -
      angle: 1.0134174346923828e+02
      class_id: -1
      octave: 1
      x: 3.6056509399414062e+02
      y: 2.4882708740234375e+02
      response: 1.5918037109375000e+03
      size: 21.
   -
      angle: 3.1043573379516602e+01
      class_id: -1
      octave: 1
      x: 2.6379525756835938e+02
      y: 2.5000126647949219e+02
      response: 5.8624887695312500e+03
      size: 22.
   -
      angle: 9.7588600158691406e+01
      class_id: -1
      octave: 1
      x: 3.1988766479492188e+02
      y: 2.5262474060058594e+02
      response: 5.2100280761718750e+02
      size: 20.
   -
      angle: 8.0817733764648438e+01
      class_id: -1
      octave: 1
      x: 2.7759661865234375e+02
      y: 2.5706100463867188e+02
      response: 4.9136342773437500e+03
      size: 22.
   -
      angle: 2.6125106811523438e+02
      class_id: -1
      octave: 1
      x: 3.2082592773437500e+02
      y: 2.1457907104492188e+02
      response: 2.5872746582031250e+03
      size: 31.
   -
      angle: 2.8175698852539062e+02
      class_id: -1
      octave: 1
      x: 2.7714028930664062e+02
      y: 2.1720057678222656e+02
      response: 7.5878820800781250e+02
      size: 27.
   -
      angle: 2.8522015380859375e+02
      class_id: -1
      octave: 1
      x: 2.7307940673828125e+02
      y: 2.2008412170410156e+02
      response: 9.8776977539062500e+02
      size: 29.
   -
      angle: 1.1562552642822266e+02
      class_id: -1
      octave: 1
      x: 3.7518893432617188e+02
      y: 2.4158349609375000e+02
      response: 2.0163869140625000e+04
      size: 28.
   -
      angle: 1.0175187683105469e+02
      class_id: -1
      octave: 1
      x: 3.6007177734375000e+02
      y: 2.4661257934570312e+02
      response: 1.4566950683593750e+03
      size: 29.
   -
      angle: 9.6090415954589844e+01
      class_id: -1
      octave: 1
      x: 3.4773632812500000e+02
      y: 2.4801242065429688e+02
      response: 1.2455328369140625e+03
      size: 28.
   -
      angle: 9.7454368591308594e+01
      class_id: -1
      octave: 1
      x: 3.2465951538085938e+02
      y: 2.4976992797851562e+02
      response: 9.3097332763671875e+02
      size: 28.
   -
      angle: 9.8495071411132812e+01
      class_id: -1
      octave: 1
      x: 3.1913177490234375e+02
      y: 2.5075859069824219e+02
      response: 8.1556158447265625e+02
      size: 28.
   -
      angle: 9.6812080383300781e+01
      class_id: -1
      octave: 2
      x: 3.5057495117187500e+02
      y: 2.4900924682617188e+02
      response: 1.0670030517578125e+03
      size: 35.
   -
      angle: 2.7473400878906250e+02
      class_id: -1
      octave: 2
      x: 2.9651861572265625e+02
      y: 2.1621240234375000e+02
      response: 1.2155026855468750e+03
      size: 34.
   -
      angle: 3.5593988037109375e+02
      class_id: -1
      octave: 1
      x: 2.6234512329101562e+02
      y: 2.2511302185058594e+02
      response: 1.0819827148437500e+04
      size: 33.
   -
      angle: 1.1605806732177734e+02
      class_id: -1
      octave: 1
      x: 3.7454849243164062e+02
      y: 2.4141488647460938e+02
      response: 2.0912593750000000e+04
      size: 31.
   -
      angle: 3.1360803604125977e+01
      class_id: -1
      octave: 1
      x: 2.6537185668945312e+02
      y: 2.4848158264160156e+02
      response: 5.9748222656250000e+03
      size: 33.
   -
      angle: 9.8409690856933594e+01
      class_id: -1
      octave: 1
      x: 3.2128637695312500e+02
      y: 2.4998127746582031e+02
      response: 9.6538909912109375e+02
      size: 31.
   -
      angle: 1.0699013519287109e+02
      class_id: -1
      octave: 1
      x: 3.6775558471679688e+02
      y: 2.4063494873046875e+02
      response: 1.6603958984375000e+04
      size: 45.
   -
      angle: 9.8217636108398438e+01
      class_id: -1
      octave: 1
      x: 3.1700018310546875e+02
      y: 2.4666868591308594e+02
      response: 1.0300994873046875e+03
      size: 43.
   -
      angle: 9.7319374084472656e+01
      class_id: -1
      octave: 1
      x: 3.1111917114257812e+02
      y: 2.4427236938476562e+02
      response: 8.5049060058593750e+02
      size: 56.
   -
      angle: 1.0519136810302734e+02
      class_id: -1
      octave: 2
      x: 3.6005181884765625e+02
      y: 2.4137002563476562e+02
      response: 1.2611190429687500e+04
      size: 63.
   -
      angle: 8.8435974121093750e+01
      class_id: -1
      octave: 2
      x: 2.9387899780273438e+02
      y: 2.3525677490234375e+02
      response: 2.2978460937500000e+04
      size: 131.
